image: hsr_lab_map7.pgm
resolution: 0.001000
origin: [-2.229612, -2.409373, 0.000000]
negate: 0
occupied_thresh: 0.65
free_thresh: 0.196

